REGISTRO HISTORICO DE LA VOTACION DEL PCV EN EL ELECCIONES DE GOBERNADORES
ESTADO	2004	2008	2012 (a)
Resultados	Resultados	Valoracion 2008-2004	Resultados	Valoracion 2012-2008
Votos	%	Votos	%	Votos	%	Votos	%	Votos	%
AMAZONAS (*)	21	0,1	554	0,9	553	0,8	582	1,1	28	0,3
ANZOATEGUI	4.423	1,4	6.989	1,2	1.280	-0,1	9.069	1,8	2.080	0,5
APURE	142	0,1	2.139	1,4	1.385	1,2	1.254	0,9	-885	-0,5
ARAGUA	6.929	2,2	9.164	1,4	3.013	-0,7	10.303	1,7	1.139	0,3
BARINAS	1.180	0,7	2.481	0,8	1.116	0,2	5.481	2,3	3000	1,4
BOLIVAR	10.934	4,4	5.860	1,3	-5.756	-3,1	29.755	8,2	23.895	6,9
CARABOBO	8.781	1,5	8.159	1,0	614	-0,5	17.150	2,4	8.991	1,4
COJEDES	673	0,7	1.235	0,9	446	0,3	3.510	3,0	2.275	2,0
DELTA AMACURO	455	0,9	5.442	8,2	1.663	7,3	480	1,3	-4.962	-6,9
FALCON	2.842	1,4	3.749	1,0	524	-0,4	6.080	2,0	2.331	1,0
GUARICO	1.197	0,8	3.459	1,2	1.760	0,4	3.075	1,6	-3.84	0,3
LARA	7.205	1,8	11.707	1,9	4.251	0,1	13.599	2,1	1.892	0,2
MERIDA	4.278	1,9	6.559	1,8	2.671	-0,1	30.308	10,2	23.749	8,4
MIRANDA	14.941	2,2	14.841	1,4	-164	-0,9	21.757	1,9	6.916	0,6
MONAGAS	5.818	2,4	2.612	0,8	-3.114	-1,5	4.472	1,5	1.860	0,7
NUEVA ESPARTA	1.085	0,8	1.802	0,9	942	0,1	3.913	1,9	2.111	1,0
PORTUGUESA	8.549	4,0	3.292	1,0	-2.890	-3,0	32.340	13,4	29.048	12,4
SUCRE	5.732	2,5	1.612	0,4	-3.330	-2,1	4.998	2,0	3.386	1,5
TACHIRA	3.017	1,0	6.704	1,4	3.154	0,4	12.769	2,8	6.065	1,4
TRUJILLO	2.324	1,3	20.605	7,2	21.435	6,0	9.155	4,1	-11.450	-3,1
VARGAS	1.237	1,8	1.299	0,9	332	-0,8	1.760	1,7	461	0,7
YARACUY	7.560	3,8	3.317	1,5	-4.470	-2,3	6.635	3,2	3.318	1,8
ZULIA	40.026	4,5	7.316	0,5	-32.818	-4,0	18.757	1,3	11.441	0,8
TOTAL NACIONAL	134.356	1,9	140.169	1,5	5.813	-0,4	247.202	2,8	107.033	1,3
(*) Hasta 2012, las elecciones tuvieron lugar con un año de retraso
(a) Resultados escrutados hasta la 01:15 del 17/12/12